exp2	Eth54-2022_14_length_51813_cov_43.726805	100.000	351	0	0	1	351	38872	38522	0.0	649
exp2	Eth54-2022_14_length_51813_cov_43.726805	96.078	153	6	0	1	153	37624	37472	2.03e-65	250
exp2	Eth54-2022_14_length_51813_cov_43.726805	100.000	66	0	0	203	268	38625	38560	4.63e-27	122
exp2	Eth54-2022_14_length_51813_cov_43.726805	100.000	66	0	0	248	313	38670	38605	4.63e-27	122
exp2	Eth45-2022_1_length_153787_cov_67.011294	100.000	351	0	0	1	351	38872	38522	0.0	649
exp2	Eth45-2022_1_length_153787_cov_67.011294	96.078	153	6	0	1	153	37624	37472	2.03e-65	250
exp2	Eth45-2022_1_length_153787_cov_67.011294	100.000	66	0	0	203	268	38625	38560	4.63e-27	122
exp2	Eth45-2022_1_length_153787_cov_67.011294	100.000	66	0	0	248	313	38670	38605	4.63e-27	122
exp2	Eth17-2022_2_length_152194_cov_78.636543	96.078	153	6	0	1	153	37840	37688	2.03e-65	250
exp2	Eth13-2021_2_length_151904_cov_72.252478	95.425	153	7	0	1	153	114249	114401	9.47e-64	244
exp2	Eth08-2021_10_length_59040_cov_63.543409	95.425	153	7	0	1	153	37656	37504	9.47e-64	244
exp2	Eth06-2021_12_length_59012_cov_50.929516	95.425	153	7	0	1	153	21385	21537	9.47e-64	244
