parB	Eth17-2022_2_length_152194_cov_78.636543	100.000	1491	0	0	1	1491	65535	64045	0.0	2754
parB	Eth54-2022_3_length_102051_cov_90.385765	99.732	1491	4	0	1	1491	88050	89540	0.0	2732
parB	Eth45-2022_1_length_153787_cov_67.011294	99.732	1491	4	0	1	1491	65738	64248	0.0	2732
parB	Eth14-2022_3_length_93099_cov_81.322440	99.670	908	3	0	1	908	6398	5491	0.0	1661
parB	Eth14-2022_3_length_93099_cov_81.322440	99.491	589	3	0	903	1491	5466	4878	0.0	1072
parB	Eth13-2021_2_length_151904_cov_72.252478	99.779	905	2	0	1	905	86616	87520	0.0	1661
parB	Eth13-2021_2_length_151904_cov_72.252478	99.491	589	3	0	903	1491	87548	88136	0.0	1072
parB	Eth08-2021_3_length_93011_cov_119.259571	99.670	908	3	0	1	908	6396	5489	0.0	1661
parB	Eth08-2021_3_length_93011_cov_119.259571	99.491	589	3	0	903	1491	5464	4876	0.0	1072
parB	Eth06-2021_3_length_93010_cov_108.156973	99.779	905	2	0	1	905	86615	87519	0.0	1661
parB	Eth06-2021_3_length_93010_cov_108.156973	99.491	589	3	0	903	1491	87547	88135	0.0	1072
