traG	Eth17-2022_2_length_152194_cov_78.636543	99.863	2920	3	1	1	2919	33709	36628	0.0	5369
traG	Eth54-2022_14_length_51813_cov_43.726805	99.314	1896	13	0	1	1896	33397	35292	0.0	3430
traG	Eth54-2022_14_length_51813_cov_43.726805	92.459	915	64	5	2008	2919	35500	36412	0.0	1303
traG	Eth45-2022_1_length_153787_cov_67.011294	99.314	1896	13	0	1	1896	33397	35292	0.0	3430
traG	Eth45-2022_1_length_153787_cov_67.011294	92.459	915	64	5	2008	2919	35500	36412	0.0	1303
traG	Eth13-2021_2_length_151904_cov_72.252478	99.262	1896	14	0	1	1896	118476	116581	0.0	3424
traG	Eth13-2021_2_length_151904_cov_72.252478	94.754	915	43	5	2008	2919	116373	115461	0.0	1419
traG	Eth08-2021_10_length_59040_cov_63.543409	99.262	1896	14	0	1	1896	33429	35324	0.0	3424
traG	Eth08-2021_10_length_59040_cov_63.543409	94.754	915	43	5	2008	2919	35532	36444	0.0	1419
traG	Eth06-2021_12_length_59012_cov_50.929516	99.262	1896	14	0	1	1896	25612	23717	0.0	3424
traG	Eth06-2021_12_length_59012_cov_50.929516	94.754	915	43	5	2008	2919	23509	22597	0.0	1419
traG	Eth14-2022_11_length_60162_cov_30.642224	99.626	1604	6	0	1	1604	33737	35340	0.0	2929
