yecB	Eth14-2022_11_length_60162_cov_30.642224	100.000	342	0	0	1	342	52722	52381	1.68e-180	632
yecB	Eth14-2022_11_length_60162_cov_30.642224	98.538	342	5	0	1	342	51201	50860	3.67e-172	604
yecB	Eth14-2022_11_length_60162_cov_30.642224	96.429	56	2	0	196	251	51039	50984	3.53e-18	93.5
yecB	Eth14-2022_11_length_60162_cov_30.642224	96.429	56	2	0	163	218	52527	52472	3.53e-18	93.5
yecB	Eth14-2022_11_length_60162_cov_30.642224	96.429	56	2	0	196	251	52560	52505	3.53e-18	93.5
yecB	Eth14-2022_11_length_60162_cov_30.642224	92.857	56	4	0	163	218	51006	50951	7.64e-15	82.4
yecB	Eth17-2022_2_length_152194_cov_78.636543	99.617	261	1	0	1	261	51897	51637	8.34e-134	477
yecB	Eth17-2022_2_length_152194_cov_78.636543	96.111	180	7	0	163	342	51702	51523	9.01e-79	294
yecB	Eth17-2022_2_length_152194_cov_78.636543	96.429	56	2	0	196	251	51735	51680	3.53e-18	93.5
yecB	Eth13-2021_2_length_151904_cov_72.252478	99.612	258	1	0	1	258	100305	100562	3.88e-132	472
yecB	Eth13-2021_2_length_151904_cov_72.252478	95.556	180	8	0	163	342	100533	100712	4.19e-77	289
yecB	Eth13-2021_2_length_151904_cov_72.252478	93.023	86	6	0	163	248	100500	100585	3.48e-28	126
yecB	Eth13-2021_2_length_151904_cov_72.252478	100.000	53	0	0	196	248	100467	100519	7.58e-20	99.0
yecB	Eth13-2021_2_length_151904_cov_72.252478	94.340	53	3	0	163	215	100566	100618	7.64e-15	82.4
yecB	Eth08-2021_10_length_59040_cov_63.543409	99.234	261	2	0	1	261	51600	51340	3.88e-132	472
yecB	Eth08-2021_10_length_59040_cov_63.543409	95.556	180	8	0	163	342	51372	51193	4.19e-77	289
yecB	Eth08-2021_10_length_59040_cov_63.543409	92.135	89	7	0	163	251	51405	51317	3.48e-28	126
yecB	Eth08-2021_10_length_59040_cov_63.543409	98.214	56	1	0	196	251	51438	51383	7.58e-20	99.0
yecB	Eth08-2021_10_length_59040_cov_63.543409	92.857	56	4	0	163	218	51339	51284	7.64e-15	82.4
yecB	Eth06-2021_12_length_59012_cov_50.929516	99.612	258	1	0	1	258	7441	7698	3.88e-132	472
yecB	Eth06-2021_12_length_59012_cov_50.929516	95.556	180	8	0	163	342	7669	7848	4.19e-77	289
yecB	Eth06-2021_12_length_59012_cov_50.929516	93.023	86	6	0	163	248	7636	7721	3.48e-28	126
yecB	Eth06-2021_12_length_59012_cov_50.929516	100.000	53	0	0	196	248	7603	7655	7.58e-20	99.0
yecB	Eth06-2021_12_length_59012_cov_50.929516	94.340	53	3	0	163	215	7702	7754	7.64e-15	82.4
yecB	Eth54-2022_3_length_102051_cov_90.385765	99.535	215	1	0	1	215	101711	101925	3.11e-108	392
yecB	Eth54-2022_3_length_102051_cov_90.385765	100.000	147	0	0	196	342	101873	102019	4.22e-72	272
yecB	Eth45-2022_1_length_153787_cov_67.011294	99.083	218	2	0	1	218	52077	51860	3.11e-108	392
yecB	Eth45-2022_1_length_153787_cov_67.011294	100.000	147	0	0	196	342	51915	51769	4.22e-72	272
yecB	Eth54-2022_87_length_1137_cov_35.091509	100.000	45	0	0	298	342	1	45	2.12e-15	84.2
yecB	Eth54-2022_14_length_51813_cov_43.726805	100.000	45	0	0	298	342	51813	51769	2.12e-15	84.2
yecB	Eth45-2022_84_length_1137_cov_27.156604	100.000	45	0	0	298	342	1	45	2.12e-15	84.2
